0.087,0.033342,3.5e-05,0
0.210377,0.035,0.0,2
0.343377,0.038,0.0,4
0.495377,0.044,0.0,6
0.677377,0.058,0.001,8
0.910377,0.109,0.0,10
1.239377,0.179,0.001,12
1.680377,0.238,0.196,14
2.417377,0.285,0.264,16
3.299377,0.322,0.313,18
4.291377,0.357,0.345,20
5.363377,0.37,0.371,22
6.488377,0.385,0.384,24
7.657377,0.4,0.4,26
8.874377,0.417,0.416,28
10.124377,0.417,0.416,30
11.392377,0.435,0.435,32
12.697377,0.434,0.435,34
14.001377,0.435,0.434,36
15.325377,0.454,0.455,38
16.689377,0.454,0.455,40
18.052377,0.455,0.454,42
19.416377,0.454,0.455,44
20.779377,0.455,0.455,46
22.143377,0.455,0.454,48
23.507377,0.454,0.455,50
24.870377,0.455,0.454,52
26.256377,0.476,0.476,54
27.684377,0.476,0.477,56
29.113377,0.476,0.476,58
30.541377,0.477,0.476,60
31.970377,0.476,0.476,62
33.398377,0.477,0.476,64
34.827377,0.476,0.476,66
36.256377,0.476,0.476,68
37.684377,0.476,0.477,70
39.113377,0.476,0.476,72
40.541377,0.477,0.476,74
41.970377,0.476,0.476,76
43.398377,0.477,0.476,78
44.827377,0.476,0.476,80
46.256377,0.476,0.476,82
47.684377,0.476,0.477,84
49.113377,0.476,0.476,86
50.541377,0.477,0.476,88
51.970377,0.476,0.476,90
53.398377,0.477,0.476,92
54.827377,0.476,0.476,94
56.256377,0.476,0.476,96
57.684377,0.476,0.477,98
