0.087,0.033381,3.4e-05,0.0
0.207415,0.034,0.0,0.2
0.329415,0.034,0.0,0.4
0.452415,0.034,0.0,0.6
0.576415,0.035,0.0,0.8
0.703415,0.035,0.0,1.0
0.833415,0.036,0.0,1.2
0.967415,0.037,0.0,1.4
1.105415,0.039,0.0,1.6
1.250415,0.04,0.0,1.8
1.400415,0.043,0.0,2.0
1.560415,0.045,0.0,2.2
1.729415,0.049,0.0,2.4
1.910415,0.054,0.0,2.6
2.106415,0.062,0.0,2.8
2.321415,0.073,0.0,3.0
2.559415,0.092,0.0,3.2
2.828415,0.113,0.0,3.4
3.132415,0.135,0.0,3.6
3.473415,0.159,0.001,3.8
3.853415,0.179,0.001,4.0
4.263415,0.2,0.003,4.2
4.714415,0.217,0.152,4.4
5.346415,0.238,0.192,4.6
6.047415,0.256,0.218,4.8
6.806415,0.27,0.244,5.0
7.614415,0.286,0.263,5.2
8.466415,0.294,0.278,5.4
9.350415,0.303,0.295,5.6
10.270415,0.323,0.303,5.8
11.229415,0.333,0.313,6.0
12.220415,0.333,0.323,6.2
13.221415,0.344,0.334,6.4
14.256415,0.357,0.345,6.6
15.315415,0.357,0.357,6.8
16.400415,0.37,0.357,7.0
17.497415,0.371,0.37,7.2
18.623415,0.384,0.371,7.4
19.762415,0.385,0.385,7.6
20.916415,0.385,0.385,7.8
22.085415,0.4,0.385,8.0
23.270415,0.4,0.4,8.2
24.470415,0.4,0.4,8.4
25.670415,0.4,0.4,8.6
26.887415,0.416,0.4,8.8
28.120415,0.417,0.416,9.0
29.370415,0.417,0.416,9.2
30.620415,0.417,0.416,9.4
31.870415,0.417,0.416,9.6
33.120415,0.417,0.416,9.8
